EMAX_pop,1,0.114,0.153,-0.045,0.0257,0.00149,0.00231,-0.00443
beta_EMAX_COV_AGE,0.114,1,0.00965,0.00807,0.00071,-0.0136,-0.00285,0.0034
C50_pop,0.153,0.00965,1,-0.0763,0.0972,-0.144,0.00425,-0.00171
k_out_pop,-0.045,0.00807,-0.0763,1,-0.0642,-0.284,-0.0152,0.0128
omega_EMAX,0.0257,0.00071,0.0972,-0.0642,1,0.0286,0.0127,-0.0153
omega_k_out,0.00149,-0.0136,-0.144,-0.284,0.0286,1,-0.0298,0.0134
a,0.00231,-0.00285,0.00425,-0.0152,0.0127,-0.0298,1,-0.914
b,-0.00443,0.0034,-0.00171,0.0128,-0.0153,0.0134,-0.914,1
